129840
132480
134000
138560
140800
145120
156720
162080
166880
170400
188560
190880
192480
195760
197120
199440
266320
300320
306960
310240
313040
317200
345200
348400
350400
352000
354080
358240
359840
387680
390880
392400
396640
405520
410320
419200
430480
433760
450640
451760
464720
517440
522800
576720
592560
601120
604160
606640
609680
613680
624480
631280
636320
638720
643120
644880
647520
651120
654080
658160
672160
679200
681200
683520
687680
694160
719360
722160
726640
729200
733040
739360
743280
755920
761680
772480
788240
796720
801920
807920
812400
823920
845600
850320
879040
903760
916960
920320
928800
940320
952720
959760
997840
1307520
1319360
1322720
1329120
1333600
1338400
1343360
1358320
1360880
1362880
1365920
1371520
1373200
1378560
1380400
1383520
1391600
1399120
1402880
2000160
2008000
2010400
2012960
2020880
2030480
2034320
2037440
2039760
2051360
2061360
2068560
2075680
2201440
2204160
2229200
2259040
2262320
2275360
2279440
2282560
2285600
2307760
2319360
2325920
2359680
2401920
2405040
2409680
2412160
2417040
2420880
2423120
2426800
2432240
2437440
2442960
2444880
2446400
2455360
2458400
2461920
2469840
2476000
2477840
2480080
2482000
2486000
2488880
2491600
2495680
2497920
2500960
2505840
2513120
2537040
2543920
2547440
2549840
2551760
2553600
2558560
2567120
2583360
2600640
2602960
2608320
2609760
2613920
2617600
2621520
2625200
2640400
2653360
2666560
2679840
2684640
2686720
2688560
2691120
2714000
2718560
2721200
2724000
2727840
2731280
2737040
2768800
2772240
2837040
2842880
2846560
2848320
2857120
2858720
2864640
2866400
2875280
2877680
2882160
2883760
2888080
2891200
2896240
2899200
2902240
2917280
2920320
2925520
2938240
2943360
2951120
2963760
2970320
2978240
2983360
2987200
2988560
2993280
2995840
3000640
3009600
3015200
3020560
3034240
3039680
3043520
3047760
3069680
3077360
3081920
3109120
3116080
3119680
3123760
3129680
3139040
3143040
3146400
3174400
3179680
3219440
3226320
3232480
3239200
3245120
3249760
3253440
3255120
3258880
3262480
3277600
3282720
3284640
3287360
3294080
3296560
3303360
3305920
3307600
3310160
3327680
3342960
3359120
3360800
3363280
3365680
3367920
3370640
3375760
3381680
3387840
3403440
3407440
3409760
3417360
3419360
3433360
3444960
3450240
3456240
3463120
3469920
3471920
3473680
3477600
3479760
3481280
3482800
3484400
3486240
3488640
3496720
3568240
3576800
3584800
3595920
3598720
3601920
3604800
3607840
3610240
3614880
3617920
3621840
3646960
3649040
3651600
3678640
3682640
3703520
3715360
3718720
3731600
3737920
3743360
3751760
3755840
3759360
3763120
3773520
3782640
3798000
3809680
3826560
3830400
3838000
3845600
3868880
3874400
3876320
3882400
3885040
3891520
3893280
3897440
3899760
3904240
3911040
3920720
3926160
3928160
3930880
3940240
3943920
3946080
3949680
3962640
3965600
3978000
3982880
3985840
3990240
3994960
4038720
4040480
4041680
4044000
4055520
4062240
4065600
4081840
4084560
4230800
4233520
4244880
4246960
4254960
4258080
4264800
4266960
4269840
4280320
4287440
4294320
4302880
4311200
4319040
4322080
4328320
4331760
4336480
4359280
4371040
4375440
4392560
4396400
4399600
4402080
4404800
4407920
4418640
4441120
4447360
4456000
4461600
4465680
4468560
4474960
4482800
4484800
4494480
4500400
4504640
4509840
4514560
4521520
4527280
4529680
4530880
4533200
4535680
4538000
4541120
4549680
4556160
4561120
4563920
4576240
4581680
4597760
4599840
4609040
4611520
4619120
4633520
4640800
4644400
4654560
4661120
4668960
4680960
4686080
4689200
4694560
4698000
4706720
4713520
4720640
4733520
4743520
4747440
4750320
4755200
4760000
4764880
4771920
4775200
4779360
4782880
4789360
4795440
4797600
4799920
4802480
4805360
4812880
4820320
4834000
4866640
4869840
4879120
4883920
4890720
4922640
4926960
4929200
4932160
4952240
4969840
4972880
4975360
4978800
4985520
4990000
4996320
4999280
5010640
5016480
5021040
5034080
5035920
5042080
5045520
5049520
5051040
5052560
5055760
5058000
5062640
5082800
5087920
5092880
5095280
5098000
5102400
5106400
5109360
5111360
5116240
5133920
5139280
5145760
5150000
5157680
5160720
5173440
5177520
5181040
5194080
5200800
5208880
5211200
5215920
5222320
5225280
5232160
5244000
5250480
5254640
5257440
5260080
5262400
5265680
5298000
5310480
5348960
5375360
5380560
5389680
5395680
5400880
5404800
5407600
5420960
5459920
5473520
5479600
5487840
5492640
5518720
5534240
5551440
5561680
5573440
5575200
5579200
5585600
5596800
5608880
5617760
5623360
5626400
5631680
5698240
5721040
5723920
5727680
5737760
5746000
5748640
5754080
5757680
5760640
5764880
5778800
5786400
5813600
5822640
5828720
5837840
5839680
5841520
5853120
5855520
5863920
5867120
5885440
5889520
5901040
5904160
5905840
5909360
5912480
5915200
5919360
5922640
5934960
5936960
5966080
5971920
5974160
5980240
5995760
6002960
6007520
6017040
6020960
6024800
6035040
6040000
6046160
6048000
6053360
6056160
6058080
6060400
6064640
6070400
6074640
6082320
6086800
6103360
6117600
6123200
6127520
6216480
6222000
6225360
6232080
6238080
6241840
6336720
6338880
6479680
6482800
6485120
6490560
6493760
6498240
6503920
6505360
6510960
6547120
6557040
6607040
6612240
6618960
6621920
6625280
6646320
6650720
6653040
6656080
6662400
6666400
6680960
6686560
6702240
6706640
6715440
6728160
6738720
6743680
6749520
6754000
6777040
6779440
6782960
6789280
6795200
6800160
6803680
6809760
6813920
6817120
6825120
6831760
6843120
6846800
6850720
6856400
6863520
6868240
6873520
6880640
6887040
6896160
6912240
6915280
6920320
6923520
6936560
6941760
6943600
6948320
6959200
6965280
6970160
6975040
6979120
6981840
6984720
6999520
7011920
7028080
7037280
7042400
7060000
7068240
7071840
7075200
7078880
7080880
7082880
7084960
7093520
7097760
7101280
7108000
7109680
7123440
7127920
7134320
7140000
7153120
7156400
7161280
7164880
7170000
7173360
7176320
7182160
7185440
7187520
7192320
7194640
7196320
7214800
7230880
7234400
7239600
7241920
7247280
7269600
7272720
7275440
7280400
7286080
7289600
7321680
7365520
7369120
7373280
7381280
7386960
7399440
7412960
7417600
7430960
7435760
7451360
7455280
7459520
7463920
7465840
7484400
7492400
7503120
7504800
7508960
7510880
7522720
7527120
7532800
7569600
7577200
7579200
7582000
7592560
7595600
7597520
7609760
7612400
7620560
7627360
7629520
7635440
7637680
7639440
7643840
7649040
7652320
7655360
7656960
7660960
7665280
7667520
7672080
7675680
7679360
7682720
7688000
7690160
7693600
7698240
7710800
7714240
7721600
7731840
7741280
7745840
7749040
7756480
7770320
7775680
7778080
7782160
7798320
7800240
7804960
7807040
7811120
7814320
7821280
7829280
7875200
7878560
7884480
7888400
7900320
7906320
7927200
7929600
7933360
7936720
7940640
7945200
7947360
7951920
7987520
7992880
8139680
8143360
8152560
8161360
8170320
8174320
8177280
8183760
8188160
8192000
8200720
8204560
8208800
8211920
8217760
8220960
8225200
8226880
8228160
8236400
8243520
8246320
8255520
8279280
8281680
8289040
8290720
8292960
8301600
8305840
8313840
8320000
8322240
8348240
8350800
8353280
8360320
8363680
8376000
8382800
8589440
8598400
8600800
8606480
8614000
8629920
8653680
8656320
8663760
8666080
8668080
8697200
8699840
8709040
8711280
8714480
8716960
8721280
8724320
8732080
8741040
8745200
8755680
8761920
8768320
8773200
8784880
8797760
8803120
8808640
8811520
8816960
8838800
8844080
8850000
8852160
8854400
8857840
8864720
8883360
8899920
8906240
8915680
8917280
8920720
8927440
8929680
9109440
9136800
9139760
9150720
9155200
9159520
9167920
9176400
9182960
9188880
9201840
9215680
9222720
9224480
9236960
9247520
9249920
9259680
9262560
9268720
9278160
9282160
9286320
9320000
9330080
9336480
9342160
9352800
9355760
9358720
9362480
9364320
9367040
9380880
9385200
9387920
9402720
9414320
9416400
9425440
9427440
9434240
9436640
9444560
9449120
9456480
9459520
9462000
9466240
9469840
9471760
9482240
9489280
9494800
9497440
9502320
9505360
9507120
9511600
9517040
9520720
9527920
9529440
9539120
9541520
9547680
9551280
9560480
9576720
9580880
9583280
9628160
9631040
9635040
9637600
9639600
9642880
9647680
9662240
9677520
9700240
9706720
9714080
9721680
9729680
9737040
9738480
9740720
9744720
9750000
9752960
9759520
9762480
9775920
9796000
9840080
9842320
9849360
9853760
9857280
9860320
9872800
9885280
9895520
9899920
9912240
9921040
9929840
9932080
9937920
9939840
9942160
9949600
9951520
9956320
9962560
9964480
9972160
9974720
9978480
9980960
9982400
9987600
9994880
10012400
10020560
10023520
10034480
10036480
10047760
10052160
10070560
10071840
10111600
10116320
10119520
10124000
10125520
10130080
10132400
10135120
10136720
10140960
10145840
10150320
10158400
10160800
10166720
10175440
10187280
10188880
10195680
10274480
10278480
10283120
10293600
10307200
10310560
10313120
10321840
10330960
10337200
10340640
10345440
10350080
10354160
10356080
10360400
10370880
10375120
10377680
10388960
10398800
10404960
10409680
10413840
10417280
10420720
10422320
10430240
10449280
10453120
10455120
10459840
10463200
10467920
10469680
10489680
10497760
10501120
10507520
10509760
10511600
10517200
10522640
10526400
10530160
10537680
10575360
10578080
10593920
10597600
10600080
10612240
10627120
10629680
10632720
10638400
10646080
10671520
10675840
10679600
10682880
10684320
10693120
10728800
10732160
10734880
10760160
10765920
10767840
10770960
10773680
10783360
10785280
10788960
10791040
10813200
10820000
10827120
10836960
10843120
10855760
10858160
10867520
10870240
10877840
10885680
10908560
10924720
10931120
10932880
10938880
10945760
10951840
10954480
10958880
10967760
10989520
10996320
10998800
11003520
11005440
11009760
11014880
11047120
11051760
11066960
11072720
11078320
11081520
11090400
11095200
11098800
11117280
11121760
11126320
11131920
11134240
11136960
11146640
11150000
11152880
11170160
11174880
11176240
11185520
11191920
11198640
11211360
11223120
11226800
11229200
11238320
11247840
11251840
11265360
11271760
11274000
11278960
11281920
11288560
11303520
11329120
11333920
11338320
11342400
11348800
11357280
11358640
11365120
11367200
11370160
11372960
11376320
11377760
11385200
11390000
11391360
11400880
11404080
11407280
11409760
11414000
11419520
11435360
11439360
11445040
11460080
11462080
11464960
11476000
11479920
11484000
11487840
11489920
11493040
11501520
11504880
11508800
11513760
11516800
11519200
11521840
11524080
11532800
11546160
11550720
11557520
11565040
11568240
11573520
11576240
11591120
11593200
11596800
11610320
11625280
11628080
11631120
11635360
11638480
11642400
11645520
11648240
11650080
11652320
11658080
11661680
11663760
11668240
11676880
11682960
11686720
11691040
11695200
11708640
11716560
11721280
11726800
11751600
11754400
11756400
11758480
11760480
11782800
11864000
11871760
11881760
11912400
11917840
11921040
11929360
11931680
11935200
11940000
11945600
11952000
11963280
11975120
11978640
11986480
11993040
11996160
12000880
12005600
12008880
12013040
12286880
12296400
12298880
12304080
12309440
12311840
12315680
12327200
12332080
12334640
12344240
12352800
12360480
12369840
12376640
12381840
12397120
12410800
12416560
12421040
12427600
12432080
12440880
12447280
12451360
12457920
12460080
12465120
12476480
12479920
12484240
12490560
12493360
12510560
12516800
12529520
12533120
12539680
12542480
12549040
12556320
12564400
12577040
12579760
12583120
12588400
12596960
12611120
12613680
12617840
12619280
12622960
12645200
12649200
12651280
12653760
12658240
12665200
12668800
12675040
12678640
12696160
12698640
12701120
12704000
12707520
12721040
12726720
12731840
12743840
12751680
12758160
12764400
12766080
12775520
12782400
12785840
12790880
12795520
12798400
12803760
12809440
12823120
12840000
12847120
12849840
12859600
12868720
12870800
12873040
12888480
12890160
12897360
12913440
12918400
12926480
12929360
12931280
12934320
12939920
12943200
12956720
12962080
12987840
12990720
12995120
13000400
13002560
13009280
13012800
13015840
13021680
13023760
13027440
13030320
13037760
13041520
13053920
13066720
13070400
13080240
13083440
13088640
13101840
13105920
13108960
13118800
13121760
13125600
13139200
13147680
13154560
13157360
13160720
13169280
13185680
13190560
13195360
13200400
13202400
13207760
13218960
13225200
13228160
13232720
13242800
13245840
13252160
13254560
13261760
13265680
13272080
13280160
13286720
13296160
13311760
13315120
13317040
13324000
13326640
13330480
13332400
13333760
13337520
13343280
13355360
13357600
13362480
13364640
13377280
13379680
13384560
13388720
13395680
13399360
13403120
13410800
13418240
13422880
13427760
13429360
13436400
13463840
13466800
13469600
13474080
13477920
13480240
13494240
13504160
13506000
13517120
13519840
13532880
13540240
13543760
13554240
13568160
13578160
13599920
13604400
13610160
13616400
13639520
13644720
13648160
13652320
13658960
13661520
13663760
13667120
13669680
13672160
13677280
13683840
13694080
13698240
13717840
13724080
13734640
13738000
13743120
13752560
13755920
13767040
13781280
13785440
13789360
13796240
13799760
13810560
13814880
13821040
13823680
13828000
13834640
13845680
13848880
13851760
13856640
13860000
13862640
13873840
13876320
13879360
13888640
13895280
13899360
13905120
13911520
13916720
13921360
13930160
13942560
13946400
13949360
13951920
13953680
13960960
13964080
13967200
13978880
13995360
13997680
14004960
14008640
14020960
14026880
14033680
14037280
14046640
14059360
14061920
14065120
14070720
14081920
14090240
14093280
14105200
14111920
14118800
14134960
14139600
14142560
14151520
14155520
14178400
14182400
14190560
14194000
14198640
14201360
14202960
14205120
14208240
14219680
14224080
14230080
14232480
14238080
14243840
14274320
14278000
14280320
14282720
14284160
14286000
14290960
14298960
14316880
14321840
14327120
14329760
14335520
14344400
14347440
14350000
14352640
14363680
14374560
14377840
14385360
14391280
14398240
14400000
14403920
14408800
14414320
14421360
14428160
14431120
14433200
14436800
14441360
14443440
14447760
14454400
14465520
14471760
14474880
14483280
14486400
14498640
14504400
14509520
14518880
14528320
14549440
14551440
14554960
14560640
14563040
14572240
14577920
14581520
14583600
14585520
14588080
14592320
14599440
14608560
14616720
14623360
14625440
14629440
14634560
14639760
14643840
14646880
14659600
14668400
14675440
14694560
14697520
14703440
14709040
14716080
14720480
14722560
14729200
14736080
14748720
14752640
14755200
14759200
14765600
14771680
14775840
14784080
14787040
14789200
14794880
14801840
14811840
14824640
14832080
14858560
14862720
14866800
14868480
14873280
14878640
14880960
14885760
14894480
14905280
14910640
14915040
14922000
14935920
14939360
14942320
14958880
14980160
14987360
14991200
14995040
15005440
15014240
15019280
15034240
15054160
15059120
15067120
15071360
15076320
15078400
15087360
15092160
15096240
15101120
15105680
15114240
15120480
15130480
15138560
15144480
15158800
15160560
15164960
15169440
15182960
15186640
15190400
15197040
15206000
15208560
15211680
15217440
15224080
15230880
15234160
15247760
15269040
15277680
15281760
15287680
15291360
15316560
15328080
15353840
15381440
15394480
15396240
15401120
15404960
15412480
15415360
15418160
15425360
15434720
15437360
15713600
15728240
15735120
15741520
15768400
15772240
15776080
15799920
15808400
15819360
15822720
15824720
15829520
15832160
15838960
15842560
15844960
15847600
15849920
15856880
15862800
15880480
15883360
15899200
15902000
15910480
15912960
15915280
15916960
15921760
15927680
15930560
15938800
15942480
15948240
15951360
15954720
15959840
15966000
15968400
15973760
15978640
15980480
15983200
15993440
15995440
15997360
16007280
16013520
16015600
16019840
16022720
16033920
16036400
16044400
16046320
16050880
16055200
16058400
16072880
16074880
16078560
16084480
16087760
16090000
16093280
16098320
16101840
16119120
16122640
16134800
16137600
16157040
16162160
16168160
16180000
16203440
16214320
16231200
16239760
16246480
16250560
16258480
16276080
16280080
16284160
16293360
16297760
16302720
16319360
16322000
16325440
16328240
16333200
16347520
16351440
16358320
16363840
16370000
16375600
16378560
16381600
16385200
16392640
16396000
16402000
16404720
16408400
16420240
16438400
16441920
16451680
16463120
16467520
16478160
16488640
16492560
16497040
16501600
16522480
16533200
16541120
16545840
16551200
16555600
16568240
16571600
16574480
16577520
16586960
16598000
16600480
16605840
16608480
16613440
16617760
16620640
16630080
16635280
16647200
16651360
16659040
16662000
16672560
16681440
16685200
16696640
16702160
16708800
16715360
16718560
16720080
16722720
16728880
16737280
16739520
16743760
16747120
16755040
16759040
16761600
16766320
16768560
16772560
16777040
16778960
16784480
16786320
16795680
16798800
16807280
16813120
16815120
16819520
16823360
16827360
16835360
16838640
16848000
16850400
16863840
16873440
16882480
16897440
16904160
16911280
16915360
16934560
16937440
16941280
16948400
16965360
16974480
16981200
16994960
17001920
17006720
17015200
17028400
17038960
17045440
17048960
17068800
17076320
17080480
17084640
17089200
17105120
17113040
17124240
17137120
17142080
17144240
17169440
17176000
17185040
17187040
17192480
17197120
17203520
17206320
17208480
17211680
17236960
17256240
17258320
17261040
17264640
17281200
17285680
17290480
17313440
17315520
17317840
17331120
17342720
17347200
17353280
17357200
17359040
17362800
17367520
17370800
17376400
17380480
17393680
17413120
17415680
17420640
17433840
17437120
17451040
17453360
17459600
17468160
17475280
17479120
17482160
17485040
17491200
17496240
17501040
17504560
17512080
17520560
17523200
17531360
17533120
17536320
17540320
17544640
17547440
17548960
17551520
17554480
17556480
17565760
17568000
17572640
17575520
17578480
17692800
17705920
17728240
17735200
17740560
17742480
17748080
17751760
17755760
17758880
17768800
17773680
17781440
17785760
17795440
17798160
17801680
17806960
17820000
17826160
17838880
17842720
17998080
18004160
18005760
18031520
18037440
18048320
18052320
18065840
18074400
18077920
18083120
18090240
18095200
18097920
18100640
18105360
18111680
18118960
18121520
18126560
18130720
18137440
18144560
18151360
18154880
18159040
18169760
18175840
18181360
18185680
18198400
18209600
18218400
18229760
18232320
18248000
18254400
18263440
18356480
18364640
18368720
18380880
18386160
18408240
18415280
18419440
18431360
18440240
18444400
18457600
18461280
18486800
18497680
18500080
18512480
18519920
18525360
18530400
18532640
18537840
18558480
18563920
18567280
18571280
18580720
18584960
18587280
18590240
18594560
18597440
18612240
18614720
18619200
18624080
18643920
18652320
18660240
18663680
18827520
18838800
18859280
18862240
18901120
18918480
18930960
18935920
18948320
18952880
18971360
18973920
18979840
18983520
19003600
19030000
19046480
19077200
19082880
19084800
19089200
19094640
19101200
19108880
19118080
19126240
19133280
19135280
19137920
19143280
19172960
19180240
19182400
19184160
19187440
19208560
19210320
19214480
19226480
19235760
19242000
19253600
19256480
19261680
19271760
19279760
19292400
19305200
19309920
19313840
19332080
19337120
19340480
19346000
19352560
19356000
19358320
19364160
19367600
19374320
19391440
19397200
19400000
19403200
19407440
19411360
19424320
19440480
19452240
19453680
19460880
19472480
19487920
19493120
19500160
19508960
19519520
19525280
19529520
19532560
19535120
19538800
19543200
19552480
19564240
19569200
19577200
19583600
19590320
19593920
19600320
19604240
19606320
19619600
19624960
19640880
19645040
19653360
19684560
19700080
19711840
19716000
19721040
19730320
19736240
19740320
19750880
19753440
19757360
19762400
19767920
19770400
19781280
19783360
19786800
19795440
19807600
19812480
19816560
19825280
19828720
19833040
19847280
19852400
19856560
19858960
19864880
19875440
19878560
19883120
19884880
19890640
19892240
19900800
19906240
19910080
19914080
19929680
19933600
19939760
19943760
19945520
19953760
19967760
19974640
19978400
19986160
19998400
20003280
20005600
20011920
20019840
20023680
20031760
20040960
20046240
20058240
20071760
20079600
20104240
20132240
20138400
20143680
20147120
20161360
20180000
20182240
20195440
20204000
20212240
20215040
20224960
20247040
20255840
20260080
20265280
20276000
20286240
20292800
20295920
20303680
20319600
20324320
20336960
20366560
20371200
20375840
20384320
20392400
20397360
20401280
20406880
20409840
20434960
20436880
20444640
20446320
20452880
20459360
20461680
20465600
20474000
20477440
20481120
20487520
20490480
20495520
20500000
20505040
20507040
20511440
20520480
20536880
20540480
20543840
20546960
20567760
20580640
20585920
20590400
20596160
20606960
20632880
20636320
20640400
20649680
20652480
20658160
20665840
20667760
20671280
20679520
20690560
20699920
20704720
20724720
20731520
20743360
20746000
20752880
20764880
20777040
20780160
20783120
20787360
20792640
20795360
20798880
20802000
20815040
20820560
20824000
20827520
20830800
20832720
20837440
20840960
20846800
20849680
20870800
20882480
20886400
20892880
20906320
20908480
20913680
20921840
20924320
20930800
20933200
20938480
20946480
20951520
20959040
20966160
20969840
20977360
20987120
20990640
20992960
20997440
21005040
21025040
21035600
21038240
21046880
21051040
21056160
21068880
21076160
21079520
21082000
21091120
21094080
21097280
21102880
21110640
21113200
21126880
21133680
21138720
21144080
21158400
21165360
21168960
21174160
21178320
21188480
21209920
21232240
21237440
21247680
21251440
21263440
21266480
21270320
21274640
21286480
21291280
21293520
21319600
21326960
21334480
21345600
21363120
21372320
21375680
21380320
21386160
21390080
21392640
21398720
21407040
21408480
21422160
21424640
21426400
21429360
21449600
21451520
21456160
21471040
21473520
21476400
21480880
21506960
21520480
21522000
21537920
21541920
21552320
21557280
21561280
21565120
21575360
21586160
21590000
21596000
21631680
21636080
21645600
21656160
21660720
21663280
21666480
21674720
21677120
21696160
21698880
21702160
21714000
21717920
21724880
21728320
21732000
21736400
21738400
21743520
21747360
21750320
21752720
21764400
21775280
21784400
21787840
21839600
21851120
21856960
21867600
21869040
21876320
21884960
21887920
21890480
21896000
21897840
21901360
21906480
21912560
21927120
21960720
21972000
21977440
21989600
21998480
22005600
22022800
22030960
22041760
22047360
22058480
22060880
22073600
22076640
22089360
22109920
22116800
22120880
22132960
22138480
22156560
22195040
22203040
22214880
22224320
22236320
22241280
22244320
22250720
22257200
22262000
22276960
22294880
22299360
22406880
22413600
22418240
22420640
22423680
22430240
22438880
22447280
22459280
22464560
22472160
22485920
22491040
22505600
22514960
22517520
22521120
22522960
22527360
22531840
22541920
22548400
22552640
22558560
22574640
22578160
22579920
22584880
22599840
22602400
22605040
22609200
22612160
22618240
22622240
22631920
22634880
22646800
22650560
22654320
22665280
22669600
22678880
22682000
22684080
22693280
22695600
22702720
22706640
22712080
22715280
22717760
22724720
22731200
22734320
22736640
22739760
22742480
22746320
22749440
22752560
22763920
22767120
22782160
22785440
22791360
22804160
22806240
22812080
22815600
22822320
22828960
22835040
22854480
22862160
22868960
22870960
22874880
22878080
22884960
22894720
22898560
22901440
22913680
22920320
22940240
22947440
22955760
22962640
22965120
22969040
22971920
22989040
22990880
22996400
23014080
23018640
23028240
23029920
23043040
23051120
23055760
23063440
23067040
23081920
23094080
23098000
23102240
23112080
23113680
23125360
23133040
23138880
23144240
23154800
23158880
23164400
23171040
23179040
23182720
23195680
23199120
23207840
23211360
23216400
23223600
23234080
23253360
23260720
23266480
23275840
23282640
23291200
23304640
23311040
23320080
23325200
23329840
23334080
23338960
23354800
23358080
23360400
23364160
23368320
23370960
23386080
23406720
23410240
23414480
23417120
23419920
23426720
23429680
23431920
23436160
23439040
23443200
23448240
23452400
23455440
23464800
23470640
23475040
23485760
23504160
23507440
23513520
23515520
23517920
23522720
23529760
23547280
23550640
23553760
23564000
23570000
23575200
23581120
23585840
23590320
23598720
23603680
23606000
23608240
23610720
23619040
23622640
23632160
23635920
23638240
23645440
23651840
23654960
23659840
23666240
23676000
23680320
23689440
23697440
23704240
23708160
23710640
23722160
23734240
23738960
23747120
23760640
23763920
23771520
23774480
23789680
23805600
23818080
23825920
23828720
23836800
23843280
23852400
23858320
23863120
23865520
23867840
23879200
23883760
23888800
23895680
23898880
23906800
23917200
23922960
23938560
23941520
23943920
23946160
23949600
23952160
23965680
23994480
24009760
24013600
24015760
24017520
24019360
24036880
24039120
24043600
24057680
24065760
24113120
24117680
24131600
24134880
24138560
24150560
24166640
24176960
24210160
24214640
24220080
24227120
24229600
24335680
24353280
24356960
24363680
24367920
24372720
24380720
24388080
24400560
24403200
24407120
24418240
24421840
24425520
24428400
24431920
24433200
24437680
24441280
24446240
24452160
24467440
24478640
24489840
24506240
24513760
24515840
24518800
24522720
24523760
24530720
24537760
24543600
24550720
24559680
24574800
24579760
24580880
24584720
24592160
24594800
24602400
24604800
24613280
24620720
24623600
24644240
24654960
24663760
24666560
24669040
24676080
24679520
24681120
24946080
24952240
24959360
24964000
24966000
24969200
24972320
24976480
24987840
24999600
25003200
25010560
25019440
25023360
25029760
25033200
25039760
25054160
25063920
25070320
25080320
25087520
25097120
25103680
25108720
25111920
25126960
25136080
25140080
25150320
25152080
25154800
25158400
25164880
25172000
25184800
25191280
25194320
25202480
25207280
25209440
25213760
25227360
25232320
25236480
25248880
25259200
25261280
25264480
25272960
25275440
25278320
25286160
25299200
25304080
25307840
25317520
25320720
25328000
25342480
25349840
25354480
25358480
25368720
25371680
25373520
25382880
25399360
25404400
25409600
25425520
25430880
25440720
25444720
25447520
25459120
25480480
25483600
25485760
25488640
25491200
25493680
25499280
25506720
25511680
25526800
25548800
25663360
25666560
25680080
25686640
25691840
25695360
25702320
25705120
25710400
25742880
25757040
25759280
25777040
25778960
25783600
25788960
25805280
25810400
25815760
25824320
25827040
25833520
25843600
25861520
25870880
25875920
25881280
25887920
25928160
25942960
25947440
25949920
25964480
25987280
26005280
26026560
26031360
26040960
26046560
26050240
26052400
26056560
26059120
26062720
26071200
26075520
26078240
26080640
26083360
26090160
26097600
26100800
26112240
26121280
26123760
26136320
26140480
26142480
26151120
26158000
26163520
26166800
26173760
26184160
26191360
26195200
26203040
26206800
26209680
26221920
26225280
26235760
26246240
26268000
26269920
26278880
26297360
26302880
26316000
26318880
26321440
26333920
26336800
26338640
26340880
26354240
26359840
26365680
26387600
26969040
26971840
27126640
27150320
27152320
27154640
27156480
27182720
27185680
27188480
27200320
27205120
27207280
27215200
27217840
27221680
27231600
27233120
27235520
27247200
27250080
27254560
27257760
27262560
27288240
27313520
27386640
27390320
27394640
27397200
27405840
27442880
27449360
27453760
27457840
27470160
27474400
27476800
27481680
27484160
27491840
27495120
27502080
27507600
27517440
27525600
27528400
27534880
27536560
27544240
27557920
27560400
27563680
27565120
27568240
27572960
27576960
27580800
27582960
27585760
27588160
27597040
27599600
27602880
27609360
27613280
27616320
27630640
27639600
27642560
27645920
27647360
27649520
27654720
27660480
27670560
27673680
27675520
27679760
27683760
27686720
27689120
27690880
27703280
27708160
27709600
27720160
27726240
27740480
27745680
27749920
27753120
27756080
27763920
27770400
27772880
27781760
27786560
27789200
27794640
27800000
27801680
27805600
27813200
27821920
27826720
27832480
27840400
27856320
27860320
27865280
27867280
27870160
27880080
27887440
27892160
27903840
27910000
27914000
27915760
27919120
27931520
27936720
27938560
27955120
27959600
27962960
27984160
27987280
27998400
28001520
28011200
28045920
28048320
28058080
28060800
28068080
28069680
28076720
28080080
28086800
28098800
28104960
28108160
28157840
28173680
28180080
28182800
28188080
28201360
28212240
28221680
28231840
28240080
28245120
28271760
28280080
28305520
28308800
28310640
28317120
28322640
28329520
28331680
28339040
28363440
28437840
28528480
28531600
28543120
28547840
28555040
28563680
28566240
28570000
28588800
