129760
157120
188960
266560
300480
342560
387520
419520
429920
452000
465120
517600
592960
609920
624960
638560
647840
672320
683840
733280
772960
790080
824320
846080
879360
917280
925280
940640
953120
998240
1307520
1319680
1338720
1363200
1399360
2001600
2014400
2025120
2040160
2061760
2201440
2228480
2259200
2307840
2359200
2402080
2417280
2445120
2469920
2537280
2551840
2617440
2625280
2679680
2714240
2721440
2772320
2837280
2902400
2914080
2938400
2959840
3000800
3034400
3066240
3109280
3123840
3142880
3219680
3249920
3262720
3296480
3327680
3342720
3359200
3373120
3400000
3419520
3433600
3445120
3473760
3483040
3568320
3598720
3618080
3682880
3700160
3756000
3772640
3888000
3965600
4038240
4055680
4081760
4215520
4359520
4371040
4392480
4401920
4549920
4574080
4812960
4833280
4869920
4879200
4922880
5132320
5173600
5232320
5244000
5298240
5310560
5349280
5370560
5389280
5460160
5518720
5550720
5596640
5698240
5724000
5737920
5757760
5784800
5813440
5822560
5837920
5909120
5961920
5983040
6029760
6046240
6070560
6103520
6117760
6216320
6336800
6479840
6546720
6556960
6607200
6646400
6680480
6715680
6728160
6776640
6809920
7028320
7060160
7091680
7134560
7214880
7230560
7269440
7321120
7365600
7412640
7484640
7503200
7522880
7569920
7637760
7665120
7710880
7721760
7732000
7799840
7875360
7895680
7929280
7987520
8139680
8170720
8221280
8234720
8282080
8293280
8306240
8318240
8348640
8376960
8589440
8600960
8630400
8657440
8674080
8700320
8750240
8798080
8821440
8839520
8858560
8900480
8923360
9109440
9140000
9155680
9168320
9176800
9202080
9278400
9320160
9364320
9385440
9403040
9434560
9493440
9531040
9560320
9581120
9627680
9663840
9677280
9745120
9840160
9885440
9912640
9932320
9964800
9974880
9988000
9995200
10012640
10036800
10048160
10072160
10111840
10125600
10137280
10274720
10294080
10307520
10322080
10331200
10371040
10463520
10489920
10501440
10627520
10638720
10693440
10728800
10760480
10785600
10813600
10858400
10908480
10924480
10967360
10989760
11003840
11047360
11067040
11078560
11121920
11134560
11149760
11175200
11185920
11211680
11238720
11252160
11265600
11288800
11303840
11329440
11367520
11385440
11404320
11435200
11465120
11476000
11493440
11501760
11509120
11546400
11591200
11610560
11625440
11642720
11652320
11677120
11686880
11708800
11753440
11760800
11783040
11864320
11881920
11912640
11945920
11963680
11975360
12001120
12286880
12299200
12317600
12353120
12370240
12382080
12397280
12432320
12467520
12476800
12511040
12533440
12564640
12619360
12658560
12721440
12763840
12798400
12809760
12823520
12840320
12859840
12873440
12891840
12913760
12937280
13013120
13043680
13054240
13070560
13080480
13088960
13102240
13110880
13127520
13139520
13161120
13186080
13246240
13272320
13287040
13296480
13317440
13326880
13364800
13380000
13423200
13467200
13506400
13520320
13554560
13605120
13616800
13644960
13664160
13672320
13684160
13698400
13718080
13738400
13756160
13767360
13781600
13789600
13800000
13815200
13824160
13852000
13862880
13876640
13895360
13949760
13979200
13997760
14021440
14033760
14062240
14075360
14105440
14135360
14142880
14152000
14178560
14210080
14222880
14234400
14291200
14352800
14364320
14378080
14404160
14421920
14433600
14454720
14498720
14563360
14608800
14649280
14660000
14695040
14748960
14765920
14832480
14858720
14868960
14886080
14895040
14915680
14959360
14980480
15014560
15079520
15109440
15120960
15144800
15165120
15187040
15197440
15206560
15248160
15282080
15317120
15396480
15405440
15437600
15713600
15728800
15768800
15800320
15812000
15829920
15851840
15887520
15917280
15932960
15956000
15968800
15997760
16016000
16023200
16051200
16075360
16119520
16169440
16216480
16231840
16239840
16260000
16276480
16284800
16306560
16376320
16396480
16420640
16438880
16467840
16493920
16533600
16551680
16568320
16600640
16610720
16630560
16651680
16662400
16672800
16702560
16729280
16740000
16755200
16780640
16799200
16815520
16828960
16839040
16852800
16899520
16942400
16974880
17018880
17049280
17069280
17127520
17169920
17261280
17318080
17331520
17347520
17380960
17416160
17437600
17444480
17459840
17512480
17540640
17556800
17578880
17692800
17728800
17738080
17774240
17820800
17839200
17998080
18032160
18056960
18078560
18091520
18113440
18137920
18159520
18198400
18218880
18232800
18248480
18264320
18356480
18369600
18408640
18420000
18427680
18512960
18599360
18644160
18664160
18827520
18839360
18862560
18901600
18919200
18984000
19004000
19032320
19046880
19078880
19089440
19128640
19138080
19173440
19187840
19210720
19292960
19337280
19358880
19368800
19403520
19424960
19461760
19474240
19493280
19525600
19540160
19569760
19578400
19600000
19608960
19620000
19685440
19700480
19716320
19730560
19759040
19825600
19833920
19847840
19866720
19878880
19892640
19914400
19940000
19968960
20020480
20032640
20041280
20109600
20172320
20183360
20227680
20247360
20256000
20296960
20325120
20337920
20366880
20397600
20406080
20435200
20447360
20465920
20490880
20512000
20547360
20586240
20633280
20640800
20671520
20691200
20737600
20746880
20766240
20803680
20815680
20827840
20841600
20908640
20925920
20938720
20952480
20997920
21038560
21051520
21082400
21113600
21181280
21210400
21252160
21319200
21346080
21363040
21429600
21449920
21473760
21507360
21538720
21572160
21632320
21666880
21679200
21702400
21764800
21840160
21901600
21913120
21932640
21961440
21972640
21994080
22023360
22032480
22061120
22128320
22195520
22236960
22245600
22277600
22302240
22406880
22448480
22464960
22472640
22486240
22523360
22542240
22612640
22635200
22647040
22654720
22670400
22684800
22695680
22707040
22718240
22764160
22823200
22838080
22855040
22871360
22913760
22940640
22965440
22991520
23030240
23086240
23115360
23125760
23183200
23212000
23234400
23266720
23284640
23304800
23330080
23339200
23386560
23420320
23432480
23448960
23471200
23486240
23507840
23555840
23575680
23599200
23611200
23619360
23638560
23662240
23704640
23739360
23751200
23764160
23774880
23789920
23818560
23829120
23879360
23896320
23917600
23996000
24044000
24058400
24068000
24118080
24150880
24167040
24217280
24230080
24335680
24364480
24403200
24479040
24506400
24524000
24553760
24575040
24620960
24655200
24669440
24946080
24988320
25003360
25010880
25033600
25064320
25080640
25089280
25097440
25112320
25140640
25154880
25185280
25196800
25227680
25249760
25265600
25278720
25317760
25383840
25426080
25494080
25508000
25520000
25532640
25549280
25663360
25695840
25706720
25743360
25789280
25805760
25839840
25871040
25888800
25928480
25943360
25964800
26007840
26035520
26059680
26083680
26103360
26124480
26132000
26151040
26158240
26225760
26255520
26298080
26305440
26341280
26354560
26388160
26968960
27126880
27150400
27243680
27287360
27313600
27386720
27443040
27470400
27495360
27585920
27597280
27609760
27616480
27630880
27642400
27670560
27719520
27821600
27936960
27948960
27984160
28000800
28011360
28040160
28105120
28151040
28173760
28201120
28212480
28221920
28232160
28271680
28305600
28329600
28363680
28528800
28587360
